76
435 161
431 187
412 201
386 206
367 195
361 172
371 152
393 138
418 133
434 142
462 171
456 199
436 223
403 238
361 234
336 211
336 166
346 135
384 112
418 106
457 120
496 179
489 208
457 259
403 271
343 258
319 215
316 161
331 123
379 94
424 87
481 112
530 186
525 223
478 286
406 310
316 278
292 224
295 151
321 106
376 70
433 66
516 108
565 199
558 250
487 325
394 334
292 283
268 214
273 135
313 82
385 50
451 52
547 116
600 223
580 286
489 361
384 359
273 286
250 201
259 123
315 60
393 31
472 34
581 133
627 253
603 331
478 388
355 383
253 276
232 178
254 96
329 40
418 10
508 25
613 170
